6.0
6.0401
6.0804
6.1209
6.1616
6.202500000000001
6.243600000000001
6.2849
6.3264000000000005
6.3681
6.41
6.452100000000001
6.494400000000001
6.536900000000001
6.579600000000001
6.6225000000000005
6.6656
6.708900000000001
6.752400000000001
6.796100000000001
6.840000000000001
6.884100000000001
6.928400000000001
6.972900000000001
7.017600000000001
7.062500000000001
7.1076000000000015
7.152900000000001
7.198400000000001
7.244100000000001
7.290000000000001
7.336100000000001
7.382400000000001
7.428900000000001
7.475600000000002
7.522500000000002
7.569600000000001
7.616900000000001
7.664400000000001
7.712100000000001
7.760000000000002
7.808100000000001
7.856400000000002
7.904900000000001
7.953600000000002
8.002500000000001
8.051600000000002
8.100900000000003
8.150400000000001
8.200100000000003
8.250000000000002
8.300100000000002
8.350400000000002
8.400900000000002
8.451600000000003
8.502500000000003
8.553600000000003
8.604900000000002
8.656400000000003
8.708100000000002
8.760000000000003
8.812100000000003
8.864400000000003
8.916900000000004
8.969600000000003
9.022500000000003
9.075600000000003
9.128900000000003
9.182400000000003
9.236100000000004
9.290000000000003
9.344100000000005
9.398400000000004
9.452900000000003
9.507600000000004
9.562500000000004
9.617600000000003
9.672900000000004
9.728400000000004
9.784100000000004
9.840000000000003
9.896100000000004
9.952400000000004
10.008900000000004
10.065600000000003
10.122500000000004
10.179600000000004
10.236900000000004
10.294400000000005
10.352100000000004
10.410000000000004
10.468100000000005
10.526400000000004
10.584900000000005
10.643600000000005
10.702500000000004
10.761600000000005
10.820900000000005
10.880400000000005
10.940100000000005
11.000000000000005
